x<- c(5.1,5,4.8,5,5,4.9,4.9,4.7)
media<- 4.8
ns<- 0.05